Printing Matrix
=====================
0  1  2  3  4  5  6  7  8  9  10 11 12 13 14 
--------------------------------------
14 0  1  1  1  0  5  5  4  0  0  0  0  0  2  
3  1  1  1  1  0  0  0  0  0  0  0  0  0  0  
2  0  1  0  0  0  1  1  0  0  0  0  0  0  0  
2  0  0  1  0  0  1  1  0  0  0  0  0  0  0  
1  0  0  0  1  0  0  1  0  0  0  0  0  0  0  
1  0  0  0  0  1  1  0  0  0  0  0  0  0  0  
2  0  0  0  0  0  1  0  1  0  0  0  0  0  1  
0  0  0  0  0  0  0  1  0  0  0  0  0  0  0  
1  0  0  0  0  0  0  1  1  0  0  0  0  0  0  
1  0  0  0  0  0  0  0  1  1  0  0  0  0  0  
2  0  0  0  0  0  1  0  0  0  1  0  0  0  1  
2  0  0  0  0  0  0  1  1  0  0  1  0  0  0  
1  0  0  0  0  0  0  0  1  0  0  0  1  0  0  
1  0  0  0  0  0  1  0  0  0  0  0  0  1  0  
0  0  0  0  0  0  0  0  0  0  0  0  0  0  1  

Printing List
=====================
[ DUMMY ] -->  [ID: 1 JT: 2] --> [NULL]
End of List
=====================

Printing List
=====================
[ DUMMY ] -->  [ID: 1 JT: 2] --> [ID: 5 JT: 1] --> [NULL]
End of List
=====================

Printing List
=====================
[ DUMMY ] -->  [ID: 1 JT: 2] --> [ID: 5 JT: 1] --> [ID: 9 JT: 3] --> [NULL]
End of List
=====================

Printing List
=====================
[ DUMMY ] -->  [ID: 1 JT: 2] --> [ID: 10 JT: 1] --> [ID: 5 JT: 1] --> [ID: 9 JT: 3] --> [NULL]
End of List
=====================

Printing List
=====================
[ DUMMY ] -->  [ID: 1 JT: 2] --> [ID: 10 JT: 1] --> [ID: 11 JT: 2] --> [ID: 5 JT: 1] --> [ID: 9 JT: 3] --> [NULL]
End of List
=====================

Printing List
=====================
[ DUMMY ] -->  [ID: 1 JT: 2] --> [ID: 10 JT: 1] --> [ID: 11 JT: 2] --> [ID: 5 JT: 1] --> [ID: 9 JT: 3] --> [ID: 12 JT: 1] --> [NULL]
End of List
=====================

Printing List
=====================
[ DUMMY ] -->  [ID: 1 JT: 2] --> [ID: 10 JT: 1] --> [ID: 11 JT: 2] --> [ID: 5 JT: 1] --> [ID: 9 JT: 3] --> [ID: 12 JT: 1] --> [ID: 13 JT: 4] --> [NULL]
End of List
=====================
Printing Matrix
=====================
0  1  2  3  4  5  6  7  8  9  10 11 12 13 14 
--------------------------------------
13 0  1  1  1  0  4  5  4  0  0  0  0  0  1  
3  2  1  1  1  0  0  0  0  0  0  0  0  0  0  
2  0  1  0  0  0  1  1  0  0  0  0  0  0  0  
2  0  0  1  0  0  1  1  0  0  0  0  0  0  0  
1  0  0  0  1  0  0  1  0  0  0  0  0  0  0  
1  0  0  0  0  2  1  0  0  0  0  0  0  0  0  
2  0  0  0  0  0  1  0  1  0  0  0  0  0  1  
0  0  0  0  0  0  0  1  0  0  0  0  0  0  0  
1  0  0  0  0  0  0  1  1  0  0  0  0  0  0  
1  0  0  0  0  0  0  0  1  2  0  0  0  0  0  
2  0  0  0  0  0  1  0  0  0  0  0  0  0  1  
2  0  0  0  0  0  0  1  1  0  0  2  0  0  0  
1  0  0  0  0  0  0  0  1  0  0  0  2  0  0  
1  0  0  0  0  0  1  0  0  0  0  0  0  2  0  
0  0  0  0  0  0  0  0  0  0  0  0  0  0  1  
Printing Matrix
=====================
0  1  2  3  4  5  6  7  8  9  10 11 12 13 14 
--------------------------------------
12 0  1  1  1  0  3  5  4  0  0  0  0  0  1  
3  2  1  1  1  0  0  0  0  0  0  0  0  0  0  
2  0  1  0  0  0  1  1  0  0  0  0  0  0  0  
2  0  0  1  0  0  1  1  0  0  0  0  0  0  0  
1  0  0  0  1  0  0  1  0  0  0  0  0  0  0  
1  0  0  0  0  0  1  0  0  0  0  0  0  0  0  
2  0  0  0  0  0  1  0  1  0  0  0  0  0  1  
0  0  0  0  0  0  0  1  0  0  0  0  0  0  0  
1  0  0  0  0  0  0  1  1  0  0  0  0  0  0  
1  0  0  0  0  0  0  0  1  2  0  0  0  0  0  
2  0  0  0  0  0  1  0  0  0  0  0  0  0  1  
2  0  0  0  0  0  0  1  1  0  0  2  0  0  0  
1  0  0  0  0  0  0  0  1  0  0  0  2  0  0  
1  0  0  0  0  0  1  0  0  0  0  0  0  2  0  
0  0  0  0  0  0  0  0  0  0  0  0  0  0  1  
Printing Matrix
=====================
0  1  2  3  4  5  6  7  8  9  10 11 12 13 14 
--------------------------------------
11 0  1  1  1  0  3  5  3  0  0  0  0  0  1  
3  2  1  1  1  0  0  0  0  0  0  0  0  0  0  
2  0  1  0  0  0  1  1  0  0  0  0  0  0  0  
2  0  0  1  0  0  1  1  0  0  0  0  0  0  0  
1  0  0  0  1  0  0  1  0  0  0  0  0  0  0  
1  0  0  0  0  0  1  0  0  0  0  0  0  0  0  
2  0  0  0  0  0  1  0  1  0  0  0  0  0  1  
0  0  0  0  0  0  0  1  0  0  0  0  0  0  0  
1  0  0  0  0  0  0  1  1  0  0  0  0  0  0  
1  0  0  0  0  0  0  0  1  2  0  0  0  0  0  
2  0  0  0  0  0  1  0  0  0  0  0  0  0  1  
2  0  0  0  0  0  0  1  1  0  0  2  0  0  0  
1  0  0  0  0  0  0  0  1  0  0  0  0  0  0  
1  0  0  0  0  0  1  0  0  0  0  0  0  2  0  
0  0  0  0  0  0  0  0  0  0  0  0  0  0  1  
Printing Matrix
=====================
0  1  2  3  4  5  6  7  8  9  10 11 12 13 14 
--------------------------------------
10 0  0  0  0  0  3  5  3  0  0  0  0  0  1  
3  0  1  1  1  0  0  0  0  0  0  0  0  0  0  
2  0  1  0  0  0  1  1  0  0  0  0  0  0  0  
2  0  0  1  0  0  1  1  0  0  0  0  0  0  0  
1  0  0  0  1  0  0  1  0  0  0  0  0  0  0  
1  0  0  0  0  0  1  0  0  0  0  0  0  0  0  
2  0  0  0  0  0  1  0  1  0  0  0  0  0  1  
0  0  0  0  0  0  0  1  0  0  0  0  0  0  0  
1  0  0  0  0  0  0  1  1  0  0  0  0  0  0  
1  0  0  0  0  0  0  0  1  2  0  0  0  0  0  
2  0  0  0  0  0  1  0  0  0  0  0  0  0  1  
2  0  0  0  0  0  0  1  1  0  0  2  0  0  0  
1  0  0  0  0  0  0  0  1  0  0  0  0  0  0  
1  0  0  0  0  0  1  0  0  0  0  0  0  2  0  
0  0  0  0  0  0  0  0  0  0  0  0  0  0  1  
Printing Matrix
=====================
0  1  2  3  4  5  6  7  8  9  10 11 12 13 14 
--------------------------------------
9 0  0  0  0  0  3  4  2  0  0  0  0  0  1  
3  0  1  1  1  0  0  0  0  0  0  0  0  0  0  
2  0  1  0  0  0  1  1  0  0  0  0  0  0  0  
2  0  0  1  0  0  1  1  0  0  0  0  0  0  0  
1  0  0  0  1  0  0  1  0  0  0  0  0  0  0  
1  0  0  0  0  0  1  0  0  0  0  0  0  0  0  
2  0  0  0  0  0  1  0  1  0  0  0  0  0  1  
0  0  0  0  0  0  0  1  0  0  0  0  0  0  0  
1  0  0  0  0  0  0  1  1  0  0  0  0  0  0  
1  0  0  0  0  0  0  0  1  2  0  0  0  0  0  
2  0  0  0  0  0  1  0  0  0  0  0  0  0  1  
2  0  0  0  0  0  0  1  1  0  0  0  0  0  0  
1  0  0  0  0  0  0  0  1  0  0  0  0  0  0  
1  0  0  0  0  0  1  0  0  0  0  0  0  2  0  
0  0  0  0  0  0  0  0  0  0  0  0  0  0  1  

Printing List
=====================
[ DUMMY ] -->  [ID: 2 JT: 3] --> [NULL]
End of List
=====================

Printing List
=====================
[ DUMMY ] -->  [ID: 2 JT: 3] --> [ID: 3 JT: 1] --> [NULL]
End of List
=====================

Printing List
=====================
[ DUMMY ] -->  [ID: 2 JT: 3] --> [ID: 3 JT: 1] --> [ID: 4 JT: 2] --> [NULL]
End of List
=====================
Printing Matrix
=====================
0  1  2  3  4  5  6  7  8  9  10 11 12 13 14 
--------------------------------------
8  0  0  0  0  0  2  3  2  0  0  0  0  0  1  
3  0  1  1  1  0  0  0  0  0  0  0  0  0  0  
2  0  2  0  0  0  1  1  0  0  0  0  0  0  0  
2  0  0  0  0  0  1  1  0  0  0  0  0  0  0  
1  0  0  0  2  0  0  1  0  0  0  0  0  0  0  
1  0  0  0  0  0  1  0  0  0  0  0  0  0  0  
2  0  0  0  0  0  1  0  1  0  0  0  0  0  1  
0  0  0  0  0  0  0  1  0  0  0  0  0  0  0  
1  0  0  0  0  0  0  1  1  0  0  0  0  0  0  
1  0  0  0  0  0  0  0  1  2  0  0  0  0  0  
2  0  0  0  0  0  1  0  0  0  0  0  0  0  1  
2  0  0  0  0  0  0  1  1  0  0  0  0  0  0  
1  0  0  0  0  0  0  0  1  0  0  0  0  0  0  
1  0  0  0  0  0  1  0  0  0  0  0  0  2  0  
0  0  0  0  0  0  0  0  0  0  0  0  0  0  1  
Printing Matrix
=====================
0  1  2  3  4  5  6  7  8  9  10 11 12 13 14 
--------------------------------------
7  0  0  0  0  0  2  3  1  0  0  0  0  0  1  
3  0  1  1  1  0  0  0  0  0  0  0  0  0  0  
2  0  2  0  0  0  1  1  0  0  0  0  0  0  0  
2  0  0  0  0  0  1  1  0  0  0  0  0  0  0  
1  0  0  0  2  0  0  1  0  0  0  0  0  0  0  
1  0  0  0  0  0  1  0  0  0  0  0  0  0  0  
2  0  0  0  0  0  1  0  1  0  0  0  0  0  1  
0  0  0  0  0  0  0  1  0  0  0  0  0  0  0  
1  0  0  0  0  0  0  1  1  0  0  0  0  0  0  
1  0  0  0  0  0  0  0  1  0  0  0  0  0  0  
2  0  0  0  0  0  1  0  0  0  0  0  0  0  1  
2  0  0  0  0  0  0  1  1  0  0  0  0  0  0  
1  0  0  0  0  0  0  0  1  0  0  0  0  0  0  
1  0  0  0  0  0  1  0  0  0  0  0  0  2  0  
0  0  0  0  0  0  0  0  0  0  0  0  0  0  1  
Printing Matrix
=====================
0  1  2  3  4  5  6  7  8  9  10 11 12 13 14 
--------------------------------------
6  0  0  0  0  0  2  2  1  0  0  0  0  0  1  
3  0  1  1  1  0  0  0  0  0  0  0  0  0  0  
2  0  2  0  0  0  1  1  0  0  0  0  0  0  0  
2  0  0  0  0  0  1  1  0  0  0  0  0  0  0  
1  0  0  0  0  0  0  1  0  0  0  0  0  0  0  
1  0  0  0  0  0  1  0  0  0  0  0  0  0  0  
2  0  0  0  0  0  1  0  1  0  0  0  0  0  1  
0  0  0  0  0  0  0  1  0  0  0  0  0  0  0  
1  0  0  0  0  0  0  1  1  0  0  0  0  0  0  
1  0  0  0  0  0  0  0  1  0  0  0  0  0  0  
2  0  0  0  0  0  1  0  0  0  0  0  0  0  1  
2  0  0  0  0  0  0  1  1  0  0  0  0  0  0  
1  0  0  0  0  0  0  0  1  0  0  0  0  0  0  
1  0  0  0  0  0  1  0  0  0  0  0  0  2  0  
0  0  0  0  0  0  0  0  0  0  0  0  0  0  1  
Printing Matrix
=====================
0  1  2  3  4  5  6  7  8  9  10 11 12 13 14 
--------------------------------------
5  0  0  0  0  0  1  2  1  0  0  0  0  0  1  
3  0  1  1  1  0  0  0  0  0  0  0  0  0  0  
2  0  2  0  0  0  1  1  0  0  0  0  0  0  0  
2  0  0  0  0  0  1  1  0  0  0  0  0  0  0  
1  0  0  0  0  0  0  1  0  0  0  0  0  0  0  
1  0  0  0  0  0  1  0  0  0  0  0  0  0  0  
2  0  0  0  0  0  1  0  1  0  0  0  0  0  1  
0  0  0  0  0  0  0  1  0  0  0  0  0  0  0  
1  0  0  0  0  0  0  1  1  0  0  0  0  0  0  
1  0  0  0  0  0  0  0  1  0  0  0  0  0  0  
2  0  0  0  0  0  1  0  0  0  0  0  0  0  1  
2  0  0  0  0  0  0  1  1  0  0  0  0  0  0  
1  0  0  0  0  0  0  0  1  0  0  0  0  0  0  
1  0  0  0  0  0  1  0  0  0  0  0  0  0  0  
0  0  0  0  0  0  0  0  0  0  0  0  0  0  1  
Printing Matrix
=====================
0  1  2  3  4  5  6  7  8  9  10 11 12 13 14 
--------------------------------------
4  0  0  0  0  0  0  1  1  0  0  0  0  0  1  
3  0  1  1  1  0  0  0  0  0  0  0  0  0  0  
2  0  0  0  0  0  1  1  0  0  0  0  0  0  0  
2  0  0  0  0  0  1  1  0  0  0  0  0  0  0  
1  0  0  0  0  0  0  1  0  0  0  0  0  0  0  
1  0  0  0  0  0  1  0  0  0  0  0  0  0  0  
2  0  0  0  0  0  1  0  1  0  0  0  0  0  1  
0  0  0  0  0  0  0  1  0  0  0  0  0  0  0  
1  0  0  0  0  0  0  1  1  0  0  0  0  0  0  
1  0  0  0  0  0  0  0  1  0  0  0  0  0  0  
2  0  0  0  0  0  1  0  0  0  0  0  0  0  1  
2  0  0  0  0  0  0  1  1  0  0  0  0  0  0  
1  0  0  0  0  0  0  0  1  0  0  0  0  0  0  
1  0  0  0  0  0  1  0  0  0  0  0  0  0  0  
0  0  0  0  0  0  0  0  0  0  0  0  0  0  1  

Printing List
=====================
[ DUMMY ] -->  [ID: 6 JT: 2] --> [NULL]
End of List
=====================
Printing Matrix
=====================
0  1  2  3  4  5  6  7  8  9  10 11 12 13 14 
--------------------------------------
3  0  0  0  0  0  0  1  0  0  0  0  0  0  0  
3  0  1  1  1  0  0  0  0  0  0  0  0  0  0  
2  0  0  0  0  0  1  1  0  0  0  0  0  0  0  
2  0  0  0  0  0  1  1  0  0  0  0  0  0  0  
1  0  0  0  0  0  0  1  0  0  0  0  0  0  0  
1  0  0  0  0  0  1  0  0  0  0  0  0  0  0  
2  0  0  0  0  0  0  0  1  0  0  0  0  0  1  
0  0  0  0  0  0  0  1  0  0  0  0  0  0  0  
1  0  0  0  0  0  0  1  1  0  0  0  0  0  0  
1  0  0  0  0  0  0  0  1  0  0  0  0  0  0  
2  0  0  0  0  0  1  0  0  0  0  0  0  0  1  
2  0  0  0  0  0  0  1  1  0  0  0  0  0  0  
1  0  0  0  0  0  0  0  1  0  0  0  0  0  0  
1  0  0  0  0  0  1  0  0  0  0  0  0  0  0  
0  0  0  0  0  0  0  0  0  0  0  0  0  0  1  

Printing List
=====================
[ DUMMY ] -->  [ID: 8 JT: 2] --> [NULL]
End of List
=====================

Printing List
=====================
[ DUMMY ] -->  [ID: 8 JT: 2] --> [ID: 14 JT: 2] --> [NULL]
End of List
=====================
Printing Matrix
=====================
0  1  2  3  4  5  6  7  8  9  10 11 12 13 14 
--------------------------------------
2  0  0  0  0  0  0  0  0  0  0  0  0  0  0  
3  0  1  1  1  0  0  0  0  0  0  0  0  0  0  
2  0  0  0  0  0  1  1  0  0  0  0  0  0  0  
2  0  0  0  0  0  1  1  0  0  0  0  0  0  0  
1  0  0  0  0  0  0  1  0  0  0  0  0  0  0  
1  0  0  0  0  0  1  0  0  0  0  0  0  0  0  
2  0  0  0  0  0  0  0  1  0  0  0  0  0  1  
0  0  0  0  0  0  0  1  0  0  0  0  0  0  0  
1  0  0  0  0  0  0  1  0  0  0  0  0  0  0  
1  0  0  0  0  0  0  0  1  0  0  0  0  0  0  
2  0  0  0  0  0  1  0  0  0  0  0  0  0  1  
2  0  0  0  0  0  0  1  1  0  0  0  0  0  0  
1  0  0  0  0  0  0  0  1  0  0  0  0  0  0  
1  0  0  0  0  0  1  0  0  0  0  0  0  0  0  
0  0  0  0  0  0  0  0  0  0  0  0  0  0  2  
Printing Matrix
=====================
0  1  2  3  4  5  6  7  8  9  10 11 12 13 14 
--------------------------------------
1  0  0  0  0  0  0  0  0  0  0  0  0  0  0  
3  0  1  1  1  0  0  0  0  0  0  0  0  0  0  
2  0  0  0  0  0  1  1  0  0  0  0  0  0  0  
2  0  0  0  0  0  1  1  0  0  0  0  0  0  0  
1  0  0  0  0  0  0  1  0  0  0  0  0  0  0  
1  0  0  0  0  0  1  0  0  0  0  0  0  0  0  
2  0  0  0  0  0  0  0  1  0  0  0  0  0  1  
0  0  0  0  0  0  0  1  0  0  0  0  0  0  0  
1  0  0  0  0  0  0  1  0  0  0  0  0  0  0  
1  0  0  0  0  0  0  0  1  0  0  0  0  0  0  
2  0  0  0  0  0  1  0  0  0  0  0  0  0  1  
2  0  0  0  0  0  0  1  1  0  0  0  0  0  0  
1  0  0  0  0  0  0  0  1  0  0  0  0  0  0  
1  0  0  0  0  0  1  0  0  0  0  0  0  0  0  
0  0  0  0  0  0  0  0  0  0  0  0  0  0  0  

Printing List
=====================
[ DUMMY ] -->  [ID: 7 JT: 1] --> [NULL]
End of List
=====================
Printing Matrix
=====================
0  1  2  3  4  5  6  7  8  9  10 11 12 13 14 
--------------------------------------
0  0  0  0  0  0  0  0  0  0  0  0  0  0  0  
3  0  1  1  1  0  0  0  0  0  0  0  0  0  0  
2  0  0  0  0  0  1  1  0  0  0  0  0  0  0  
2  0  0  0  0  0  1  1  0  0  0  0  0  0  0  
1  0  0  0  0  0  0  1  0  0  0  0  0  0  0  
1  0  0  0  0  0  1  0  0  0  0  0  0  0  0  
2  0  0  0  0  0  0  0  1  0  0  0  0  0  1  
0  0  0  0  0  0  0  0  0  0  0  0  0  0  0  
1  0  0  0  0  0  0  1  0  0  0  0  0  0  0  
1  0  0  0  0  0  0  0  1  0  0  0  0  0  0  
2  0  0  0  0  0  1  0  0  0  0  0  0  0  1  
2  0  0  0  0  0  0  1  1  0  0  0  0  0  0  
1  0  0  0  0  0  0  0  1  0  0  0  0  0  0  
1  0  0  0  0  0  1  0  0  0  0  0  0  0  0  
0  0  0  0  0  0  0  0  0  0  0  0  0  0  0  
